重投影误差1：0.424448像素

重投影误差2：0.424448像素

重投影误差3：0.0598857像素

相机内参数矩阵：
[507.1709141680288, 0, 330.7546554294467;
 0, 507.3870993036714, 278.5073282141562;
 0, 0, 1]

畸变系数：
[-0.4176714517130016, 0.1306891272565715, -0.009692127745128423, 0.002238746736715009, 0]


第1幅图像的旋转向量：
[-2.866383316664778;
 -0.06521570549840341;
 0.1683998907524752]
第1幅图像的旋转矩阵：
[0.9922357042963164, 0.02889308087112884, -0.1209689918837393;
 0.06011844947243041, -0.9628845378577697, 0.2631333099162098;
 -0.1088764398417977, -0.2683627333148246, -0.9571454247997907]
第1幅图像的平移向量：
[-14.03231052155664;
 54.82588929105872;
 348.0700196818295]

第2幅图像的旋转向量：
[1.194377872276204;
 2.913280545289161;
 -0.2324352636538792]
第2幅图像的旋转矩阵：
[-0.713665669800799, 0.6969721637743465, -0.07007934554119571;
 0.699266785140261, 0.7029475951798801, -0.1299640012866098;
 -0.041319183769537, -0.1417550046895257, -0.9890390506436496]
第2幅图像的平移向量：
[30.84254440200804;
 -134.3669570289757;
 356.7198751773028]

第3幅图像的旋转向量：
[-1.920699274085709;
 -1.871730604626939;
 -0.4069846421939466]
第3幅图像的旋转矩阵：
[0.04791576697238864, 0.9952975519249737, -0.08418350436755284;
 0.8704760995406159, -0.000274808174035468, 0.4922106100126479;
 0.4898728808619673, -0.09686437741823112, -0.8663958985264042]
第3幅图像的平移向量：
[-59.53543727831413;
 -36.82361885388607;
 308.1605961955622]

第4幅图像的旋转向量：
[-1.863982747865962;
 -2.202485474964974;
 -0.3487444085258248]
第4幅图像的旋转矩阵：
[-0.1611464017756991, 0.9866183727978222, -0.02481982378105624;
 0.9306877319706781, 0.1602833498896753, 0.3288306453288975;
 0.3284085607197538, 0.02989036978562978, -0.9440627007990826]
第4幅图像的平移向量：
[-48.01827591728478;
 -83.43387566747086;
 301.6401499432779]


